SUM16,ACCT& 203,PRIN OF ACCOUNTING III,4.0,5.0
```
