Undergraduate Transfer Credit:
Institution,Units
Ohlone College,9.000
Mission College,13.000
Totals,22.000
