Fall 2002
MATH 265,PROB&STAT ELEM/MID SCH TCHR,4.00,B,12.00
SCI 190,EARTH SCIENCE FOR EL ED I,3.00,B,9.00
SCI 270,LIFE SCIENCE FOR EL ED II,3.00,A,12.00
SPAN 316,SPANISH COMPOSITION,3.00,C,6.00
SPAN 317,SPANISH CONVERSATION,3.00,W,0.00
WMS 350,MALE/FEMALE PSY PERSPECTIVES,3.00,A,12.00
Ehrs: 16.00,GPA-Hrs: 16.00,QPts: 51.00,GPA: 3.19
